28.600 1.600 95.800 -99.000 -80.800 -39.000 13.000 18.400 56.200 -94.200 -87.800 65.600 30.600 -15.800 -82.000 52.600 -60.200 44.000 66.000 74.000 16.600 88.800 -80.200 -27.200 52.800 23.400 37.400 -40.400 57.600 -27.600 -67.000 37.600 93.400 -93.200 -7.600 13.600 89.200 17.800 -76.000 -94.400 -19.600 -36.200 2.000 -48.800 -8.000 87.200 72.800 -47.600 -21.200 -4.000 
6.400 -7.000 12.200 9.600 77.000 35.200 -59.800 -72.400 12.600 55.800 96.000 -78.800 -94.600 65.200 52.600 -46.000 18.600 40.200 56.200 4.800 -77.000 12.000 -5.400 -29.600 -12.200 45.600 37.400 39.000 -53.600 34.600 95.600 -26.000 -94.200 34.800 13.600 39.000 54.200 -28.400 -59.000 -23.400 -8.000 -83.200 60.800 11.000 63.000 -11.800 32.800 -76.000 55.600 81.600 
-29.200 -59.000 54.800 -34.000 -56.000 -30.800 86.000 14.400 69.200 17.400 30.000 -10.800 -47.600 -31.800 45.800 21.800 -86.200 -48.600 -65.400 -29.000 80.800 39.000 7.800 99.400 -33.600 83.200 58.800 86.600 -60.400 63.000 17.400 21.000 -39.000 -58.400 87.400 -36.800 -72.600 54.000 83.600 59.200 60.000 81.600 91.800 -81.600 19.800 66.800 33.000 -87.600 76.000 -58.200 
64.000 -11.400 25.000 -58.000 16.400 96.400 51.200 14.800 7.800 -54.000 -6.400 -38.400 -43.200 -61.600 -21.200 -10.800 -55.800 72.200 -55.000 -14.600 -32.000 24.800 -85.800 18.600 -52.200 -48.200 54.600 69.600 -33.600 1.000 -66.200 -66.600 96.600 99.800 47.600 -35.800 68.000 58.200 23.800 -96.800 -65.800 -20.600 -97.600 -78.000 65.600 3.600 93.000 55.000 10.800 21.000 
-70.400 -86.600 51.000 -47.200 5.800 50.800 -16.800 78.000 21.600 28.200 23.800 86.200 -55.400 38.400 -50.800 38.600 15.400 -57.600 -2.800 -36.000 -29.200 -57.800 77.600 58.400 -65.600 98.000 -32.200 -17.400 57.000 38.200 -18.800 57.600 82.800 -99.600 -62.600 -25.600 26.200 21.600 -60.800 -40.200 79.200 -2.000 -78.400 -98.000 51.000 -56.800 47.600 -33.200 -57.000 10.800 
25.200 -56.600 49.000 85.400 -12.800 -24.600 91.400 47.800 -80.600 -21.800 80.600 58.400 -33.800 -3.600 92.400 -32.600 64.000 -43.200 -2.200 -37.000 18.800 72.200 40.000 -6.200 69.800 -80.800 51.600 62.000 -74.000 59.000 -54.400 -30.400 -41.800 62.000 39.200 -17.800 -79.400 -4.400 -17.000 -18.800 23.000 42.800 -81.000 -21.400 -15.200 -74.600 -6.000 79.200 53.400 71.200 
13.400 35.000 87.800 56.800 -89.200 81.200 49.200 65.400 29.000 91.000 88.400 -97.800 -68.000 -37.400 -11.800 -64.000 99.800 -50.600 -2.600 -63.000 -80.600 -73.200 -94.400 12.000 29.800 -72.000 11.400 -8.200 76.800 66.000 20.600 -82.200 -10.400 18.200 -79.800 75.400 44.800 -23.200 -6.200 -55.800 -62.600 7.600 -5.800 -89.400 -27.600 92.400 93.000 -36.600 -94.200 93.000 
46.800 -95.000 5.000 -3.000 40.800 -82.600 -91.000 -21.200 36.600 16.400 -22.200 9.600 -40.800 0.200 67.600 82.200 -46.800 55.600 -57.200 -44.000 9.600 62.400 -92.200 71.200 57.600 -41.800 70.400 19.800 -10.800 -60.400 63.800 92.400 67.000 49.800 -63.000 76.000 -19.200 -11.800 -77.200 -22.800 66.600 -74.400 -72.800 89.000 48.600 -41.200 11.800 -75.200 39.600 92.000 
-86.000 6.000 48.600 17.200 -12.000 -38.400 -30.200 84.800 36.800 -97.000 72.000 -96.800 -56.600 -90.200 58.200 10.200 -25.200 -7.000 62.800 -11.000 1.000 -9.600 -44.000 26.800 -36.200 -50.800 -39.400 -77.200 57.600 -28.400 80.000 -1.000 -93.000 -95.800 -12.800 94.800 96.600 -5.800 -37.000 -42.400 76.600 -34.000 29.600 -18.200 45.400 -12.000 82.600 -23.600 64.000 -64.800 
-82.200 -72.400 -88.200 -18.000 35.600 39.600 -34.400 -67.600 -0.800 -73.800 64.200 -24.000 -55.200 4.000 -28.800 93.800 -51.000 24.800 -9.600 -34.200 99.200 -4.200 49.000 23.600 -18.200 -99.400 94.600 98.200 65.000 58.800 4.600 48.000 54.000 9.200 32.200 -18.200 -68.600 97.200 -41.600 -60.400 -99.400 31.000 68.200 80.400 -79.600 53.800 -96.400 -84.200 89.000 -20.000 
35.800 1.000 -64.200 -0.800 99.400 -91.200 -58.600 73.800 86.000 -60.200 -7.400 -5.000 -10.000 21.200 73.400 20.800 -21.200 56.000 -54.200 52.000 -24.200 -77.200 93.400 50.400 -22.800 94.800 -58.600 62.400 48.200 23.000 -51.800 22.800 -69.600 -1.000 -94.200 27.600 88.800 46.200 -46.600 5.200 85.600 -60.000 -38.400 74.600 22.200 -36.400 55.800 -100.000 23.400 44.200 
28.800 77.200 -62.200 -7.800 -8.000 -67.000 -31.600 63.600 65.200 63.000 3.400 -34.400 52.800 12.400 -65.200 1.800 -62.400 13.200 -35.400 78.600 -12.800 42.400 -63.800 -85.400 -69.800 -32.000 -57.600 -72.200 -25.800 27.600 29.800 -71.200 -99.200 -88.400 -74.000 -90.600 89.400 -22.000 -49.200 66.800 -49.000 -51.200 -39.000 6.200 -85.200 97.600 -51.600 -82.200 82.200 -51.800 
-25.600 39.600 -80.400 -24.400 -94.800 -99.600 -80.600 4.800 -60.400 -28.600 33.000 -79.600 -81.800 52.400 37.000 -46.000 61.800 -5.200 17.400 66.800 -50.000 5.400 74.000 86.000 14.200 -49.000 -14.600 -83.200 80.000 91.000 -54.000 98.200 67.200 28.600 45.000 -8.000 83.800 16.200 -48.600 81.000 10.600 64.200 -23.200 -61.400 47.000 7.000 -25.400 -16.600 60.800 19.000 
54.400 78.200 61.800 61.800 18.400 -39.200 49.000 72.200 -52.000 -94.800 -76.800 -6.400 -2.000 -58.400 -14.800 -4.000 -95.600 14.800 33.400 -92.200 -74.600 -80.000 38.400 73.400 -19.000 -7.800 -15.800 51.600 67.600 84.600 -47.000 -41.400 96.400 40.800 21.000 53.400 -15.800 72.800 -40.000 93.000 24.800 -12.400 -11.600 -21.000 -77.200 30.600 79.200 96.800 70.400 56.800 
-60.200 11.000 35.000 -3.400 -85.400 24.400 7.600 -25.800 -64.000 -72.800 71.000 15.800 -52.000 -52.400 39.600 58.800 17.600 -27.800 -27.400 -66.200 -72.000 34.000 70.200 -21.400 56.200 -71.000 53.400 -24.000 -14.400 -16.200 -98.400 81.200 12.800 -18.600 -2.800 -32.800 -76.400 -52.200 -89.200 20.800 -34.800 56.000 -90.200 -51.400 17.400 -28.400 11.800 93.400 -73.000 92.000 
-44.800 83.000 -12.000 -64.800 78.000 42.600 39.000 6.800 -1.000 -90.600 -50.600 83.000 95.400 -12.800 -68.000 3.000 37.400 -99.800 97.600 -28.400 69.800 18.000 -74.200 -57.800 17.400 -26.000 -74.200 21.200 -73.200 88.800 -58.800 14.400 58.200 -81.200 30.000 27.200 73.600 80.600 -81.200 -50.200 17.600 81.600 9.000 -97.400 -18.600 24.400 62.200 48.800 -17.200 -76.000 
76.600 42.800 64.000 34.800 -71.600 17.800 -17.400 -50.400 -15.000 45.200 -70.200 -14.200 29.800 22.600 24.200 -86.800 29.600 52.400 -71.000 83.200 -51.400 84.600 -63.600 -89.400 -50.000 17.600 28.400 -82.200 -21.800 66.000 -16.000 -53.000 -13.000 52.600 43.600 -63.000 -78.200 42.600 -36.200 6.800 -38.400 89.800 59.600 14.800 -13.800 81.000 -49.600 -2.600 -29.000 -42.200 
87.600 -9.000 -41.400 -88.200 -62.600 -20.000 -34.200 -39.600 -62.600 -43.400 31.800 -70.400 -7.200 -16.000 9.400 -56.400 5.400 33.200 18.000 -95.400 -78.800 28.400 62.000 67.000 -13.400 -43.200 74.800 -70.600 -95.400 22.800 -14.600 -58.000 38.800 -73.000 3.600 -93.200 -87.800 87.000 -16.800 -85.000 -51.800 -94.000 -47.600 -3.400 -69.200 -77.200 -81.600 -76.200 -68.000 -32.000 
-93.600 -72.800 -62.200 78.600 -53.000 33.200 -33.600 67.400 -16.800 -11.800 1.400 67.400 44.000 -38.200 -95.800 -81.200 8.000 -66.600 28.600 55.400 89.800 -36.800 86.400 -72.800 -59.800 -48.400 74.800 17.600 50.000 98.600 -69.600 90.600 -99.200 8.000 -55.000 34.200 24.400 2.400 41.000 14.200 23.600 -86.400 79.600 -38.200 -74.200 25.000 -55.200 22.200 -32.600 -16.200 
42.000 14.800 -32.600 98.600 -36.600 25.400 19.200 -85.200 -35.800 43.200 -80.600 -67.800 61.400 -68.000 -14.800 33.200 89.600 -61.400 49.800 -6.200 -55.200 92.800 -68.000 28.600 -21.000 -36.200 -42.400 -55.600 99.600 -2.800 7.800 24.400 -62.200 -31.600 44.600 -80.600 -24.200 48.200 37.200 -19.400 47.000 79.400 -43.000 -60.400 3.400 66.600 -78.800 -43.400 -64.800 -45.400 
78.800 -14.800 90.200 -3.600 -85.400 -47.600 -90.800 -10.200 59.000 45.000 0.600 -14.000 -27.600 -97.000 -96.800 39.400 51.400 75.400 -47.600 -66.400 -87.000 -75.200 33.200 -13.000 33.200 41.000 35.000 65.600 -59.200 -33.000 0.200 -95.000 -38.800 51.600 76.000 14.400 -90.600 -28.200 35.200 -15.800 51.000 -4.400 19.000 81.800 36.000 56.600 -12.200 -36.200 17.800 -25.600 
-31.400 15.800 -11.400 51.400 96.000 86.000 -34.600 -85.400 -87.200 36.200 -53.800 88.200 -88.600 39.000 -45.400 27.000 39.800 18.600 16.800 54.400 -62.400 -96.600 55.000 -69.600 97.400 66.800 89.400 35.400 57.400 90.400 61.000 29.400 -22.200 11.400 -62.200 -53.800 -83.200 16.400 72.200 43.800 -67.000 82.400 -75.000 -35.000 66.000 -27.000 49.200 -97.200 -95.600 31.800 
69.000 3.400 45.200 -36.200 -59.800 -25.600 -68.400 13.200 94.600 -67.600 25.400 -51.200 12.600 -95.800 -80.800 95.200 -2.600 -77.200 -6.800 -15.200 -73.600 55.800 -23.000 -2.200 73.600 -76.000 15.800 28.400 -49.000 -31.000 -21.000 12.200 -31.600 -49.800 63.800 -38.000 -77.800 71.400 -57.400 -10.600 -56.000 61.000 82.400 20.600 -9.000 67.800 -36.000 -83.400 -18.200 -70.200 
24.600 -82.800 -59.200 -49.600 -41.600 19.200 -79.800 80.400 68.200 -92.600 5.200 27.200 -42.200 68.600 87.600 46.600 53.800 -46.200 11.000 63.200 -63.400 46.800 -45.400 77.400 20.000 61.000 -30.600 -6.200 83.600 -17.200 83.000 -16.600 79.600 -47.000 29.000 -35.400 83.600 -19.800 16.800 62.800 7.000 -74.400 -95.200 22.800 -79.000 92.200 84.600 -59.000 -14.600 -38.000 
-22.600 42.600 -33.600 -59.400 6.200 -49.000 93.200 99.000 67.600 67.600 -26.200 29.800 56.000 -4.600 -64.000 -2.200 5.200 -45.800 -8.800 50.600 32.000 -3.800 -43.000 57.200 43.400 -79.200 -66.200 -75.400 72.600 -5.600 90.000 82.400 32.600 -32.200 9.600 -84.200 64.000 -5.800 64.600 22.200 -1.000 19.000 -83.600 -56.000 -12.600 -8.400 -73.800 -15.400 77.600 -80.600 
